-0.015	0.993207	0.00806165	2.47631	0.990509
-0.005	0.993207059003	0.00806165490252	2.47630544665	0.9905092689
0.005	0.993207059003	0.00806165490252	2.47630544665	0.9905092689
0.015	0.986094630419	0.016541113568	2.45160308122	0.980587271727
0.025	0.978214274637	0.0259924495872	2.42443121146	0.969640306818
0.035	0.967369738618	0.0391063839642	2.38730527967	0.954626230367
0.045	0.954712956928	0.0545607529118	2.34439503137	0.937189600176
0.055	0.940824727997	0.0717107080316	2.29782156857	0.918161003185
0.065	0.92636061755	0.0897895713359	2.24988905339	0.898461926532
0.075	0.911733399944	0.108304335572	2.20200967623	0.878664975097
0.085	0.897224860181	0.126905731729	2.15510863318	0.859153480381
0.095	0.883052443698	0.145310498303	2.10986108553	0.840215278854
0.105	0.869433043184	0.163221666369	2.06690656772	0.822130059631
0.115	0.856626176321	0.1802708783	2.02698574682	0.805226641552
0.125	0.844952651277	0.195990670443	1.99099489079	0.789906634121
0.135	0.834770272581	0.209845654349	1.95991036257	0.776612290073
0.145	0.826394385502	0.221344618067	1.93455643251	0.765724992263
0.155	0.819986941912	0.230204089937	1.91529283133	0.757426267558
0.165	0.815479093344	0.236469774968	1.90180928299	0.751603728631
0.175	0.812584153356	0.240507191976	1.89318080147	0.747871744264
0.185	0.810895710911	0.242867717243	1.88816043378	0.745698080911
0.195	0.81000373602	0.244112785055	1.88551219926	0.744551084782
0.205	0.809583096171	0.244704277	1.88426658514	0.744011037237
0.215	0.809406339575	0.244947406913	1.88374418782	0.743784923353
0.225	0.809345177789	0.245030781612	1.88356568425	0.743707643219
0.235	0.809331497763	0.245051597082	1.88352915621	0.743691545026
0.245	0.809331153647	0.245048848415	1.88353244009	0.743693080764
0.255	0.809351795399	0.245016920149	1.88359678522	0.74372110369
0.265	0.80938150196	0.244971930697	1.88368947152	0.74376138999
0.275	0.809399792016	0.244945202799	1.88374867871	0.743786973072
0.285	0.809409887822	0.244930053669	1.88378437444	0.743802331575
0.295	0.809414784965	0.24491930831	1.88380453586	0.743811189475
0.305	0.809417612983	0.244910603858	1.8838189549	0.743817613388
0.315	0.809421150744	0.244901878055	1.88383657043	0.743825309053
0.325	0.809427496056	0.244890246831	1.88386327095	0.743836835389
0.335	0.80943461368	0.244877345115	1.88389311364	0.743849710031
0.345	0.809437488259	0.24486878876	1.88391142771	0.743857679565
0.355	0.80943491531	0.244864007486	1.8839134125	0.743858883403
0.365	0.809430182565	0.244864470166	1.88391320352	0.743858819883
0.375	0.809425729647	0.244866888259	1.88391158557	0.743858034395
0.385	0.809420482814	0.244867025648	1.88391200932	0.74385825592
0.395	0.809418583794	0.244860734918	1.88392408905	0.743863609308
0.405	0.809422643474	0.244844862446	1.88395321682	0.743876470038
0.415	0.809421982326	0.244833785515	1.88397344071	0.743885445606
0.425	0.809414808934	0.244833337439	1.88397955952	0.743888014648
0.435	0.809403102436	0.24483872241	1.88397002362	0.743883913774
0.445	0.809386353614	0.24484340765	1.8839545095	0.743877537537
0.455	0.809372274235	0.244843376861	1.88395079247	0.743876221975
0.465	0.80936314469	0.24483495343	1.8839680477	0.743883901216
0.475	0.809356119608	0.244821541916	1.88399778788	0.743896944524
0.485	0.809337706903	0.244818087869	1.88400646708	0.743900910681
0.495	0.809307214076	0.244825994148	1.88398569538	0.743892340918
0.505	0.809264981483	0.244839186072	1.88395176057	0.743878227766
0.515	0.809205958065	0.244843736889	1.88394450675	0.743875673229
0.525	0.809171066099	0.24483880519	1.88395218459	0.743879553532
0.535	0.809263265484	0.24481196589	1.88401188411	0.743904454989
0.545	0.809816725627	0.244795464892	1.88407546082	0.743924560085
0.555	0.812202001953	0.244818158416	1.88407562524	0.743894233517
0.565	0.820405496036	0.244855971702	1.8842346056	0.743856450692
0.575	0.843400690917	0.244801695768	1.88503929735	0.743907077505
0.585	0.896487251909	0.244810882834	1.88661819208	0.74390155599
0.595	0.997563023178	0.244823292163	1.88963292295	0.743894694022
0.605	1.14143146029	0.244820221372	1.89395889562	0.743900776276
0.615	1.2548303323	0.2447995127	1.89729220671	0.743877289056
0.625	1.30244754055	0.2448222323	1.8987945411	0.743904615729
0.635	1.31863851163	0.244841836771	1.89934744753	0.743929155975
0.645	1.32357304911	0.244819328008	1.89943317095	0.743907200276
0.655	1.32489567998	0.244799719486	1.89940466109	0.743882485545
0.665	1.32519960655	0.244790252006	1.89937781682	0.743869333671
0.675	1.32528391871	0.244792410205	1.89939954459	0.743876734281
0.685	1.32533444675	0.244808030478	1.89945376588	0.743895790085
0.695	1.32538827497	0.244821072254	1.89949898956	0.743911541672
0.705	1.32545122318	0.244824494717	1.89951780119	0.743917867497
0.715	1.32551380853	0.244821962211	1.89951389471	0.743915883379
0.725	1.32555176104	0.244813822845	1.89948814457	0.743906184919
0.735	1.32556057399	0.24480157494	1.89944629783	0.743890930398
0.745	1.32556369521	0.244789204352	1.89940920723	0.743877662409
0.755	1.32557682037	0.244784814025	1.89940706598	0.743877218449
0.765	1.3255903668	0.244788953495	1.89940934127	0.743877428945
0.775	1.32562409188	0.244799056825	1.89944795498	0.743891158826
0.785	1.32565617345	0.244810233642	1.89949661957	0.743908789282
0.795	1.32567205298	0.244812631671	1.89950382389	0.743911169369
0.805	1.32566764657	0.24481536461	1.89948471908	0.743903225482
0.815	1.32567852733	0.244796371976	1.89948130927	0.743904196633
0.825	1.32563327965	0.244780818322	1.89937288842	0.743863389452
0.835	1.3255567638	0.244712156958	1.89918607449	0.743798491007
0.845	1.32532205931	0.244558031444	1.89865760487	0.743609902417
0.855	1.32467541943	0.244119055471	1.89721682706	0.743098159434
0.865	1.32274584644	0.242824985221	1.89294623672	0.741579624496
0.875	1.3169315418	0.238918935549	1.88012531549	0.737015441051
0.885	1.29966877309	0.227234620249	1.84232828164	0.723509484386
0.895	1.25105134117	0.193709647692	1.73800746369	0.685814238588
0.905	1.14370998969	0.115550545516	1.51887638682	0.60449640791
0.915	1.04545098725	0.0376896291351	1.33149625997	0.53230148966
0.925	1.01192325073	0.00995517084674	1.27100331729	0.508381269499
0.935	1.00301620382	0.00252223413657	1.25528712264	0.502113572884
0.945	1.00075350597	0.000630347244684	1.25131918178	0.500527593184
0.955	1.00018730096	0.000156702240764	1.25032781045	0.500131119269
0.965	1.00004638797	3.88106600354e-05	1.25008118103	0.50003247211
0.975	1.00001143434	9.56663891158e-06	1.25002001023	0.500008004072
0.985	1.00000283717	2.37374375922e-06	1.25000496505	0.500001986019
0.995	1.00000058277	4.87582049239e-07	1.25000101985	0.500000407941
1.005	1.00000058277	4.87582049239e-07	1.25000101985	0.500000407941
1.015	1.00000058277	4.87582049239e-07	1.25000101985	0.500000407941
