-0.015	1	2.19199e-16	2.5	1
-0.005	1	2.19199108441e-16	2.5	1
0.005	1	2.19199108441e-16	2.5	1
0.015	1	1.39490341735e-15	2.5	1
0.025	1	7.7915319455e-15	2.5	1
0.035	1	4.27836805294e-14	2.5	1
0.045	1	2.22766075751e-13	2.5	1
0.055	0.999999999999	1.12158205632e-12	2.5	0.999999999999
0.065	0.999999999995	5.44962859813e-12	2.49999999998	0.999999999994
0.075	0.999999999978	2.55670851012e-11	2.49999999992	0.99999999997
0.085	0.999999999902	1.15754226799e-10	2.49999999966	0.999999999863
0.095	0.999999999573	5.05510348348e-10	2.4999999985	0.999999999402
0.105	0.999999998201	2.12822792082e-09	2.4999999937	0.999999997482
0.115	0.999999992704	8.6322115631e-09	2.49999997447	0.999999989786
0.125	0.999999971512	3.37068900588e-08	2.49999990029	0.999999960117
0.135	0.999999893004	1.26599657964e-07	2.49999962551	0.999999850205
0.145	0.999999613846	4.56903857843e-07	2.49999864846	0.999999459384
0.155	0.999998662435	1.58262864583e-06	2.49999531853	0.99999812741
0.165	0.999995559654	5.25389567272e-06	2.49998445882	0.999993783523
0.175	0.999985896422	1.6687650665e-05	2.49995063781	0.99998025507
0.185	0.999957228397	5.06087189984e-05	2.49985030244	0.999940120462
0.195	0.999876464218	0.00014617524333	2.49956764972	0.999827055615
0.205	0.999661254246	0.000400853345922	2.49881457407	0.999525797503
0.215	0.999121577044	0.00103966614613	2.49692673538	0.998770478161
0.225	0.997856072958	0.0025385714205	2.49250336287	0.99700005904
0.235	0.995102834486	0.00580427219915	2.48289633093	0.993151827452
0.245	0.989598443722	0.0123530814676	2.46375598396	0.985472191313
0.255	0.979626867019	0.0242870297266	2.42930359739	0.971605870452
0.265	0.963679780527	0.0435708113403	2.37478944201	0.949549883857
0.275	0.94192405653	0.0702968750933	2.30156174718	0.919693766946
0.285	0.91677733543	0.101824660193	2.2185530004	0.885520122745
0.295	0.891249916422	0.134559280247	2.13607946301	0.851204355374
0.305	0.867583331787	0.165593046925	2.06123445261	0.819735770613
0.315	0.847327753822	0.19270073002	1.99841299982	0.793072338809
0.325	0.831557020743	0.214170612694	1.95029216555	0.772488319885
0.335	0.820664955599	0.229183195002	1.91746462064	0.758364773258
0.345	0.81416204236	0.238214964933	1.89803051123	0.74997205647
0.355	0.810906462649	0.24280099672	1.88836389591	0.745784594261
0.365	0.809519792618	0.244601521404	1.88424247011	0.744010289702
0.375	0.80916862492	0.245240203249	1.88324664639	0.743565532114
0.385	0.809076215176	0.245300156289	1.88300714613	0.743466084677
0.395	0.809131524639	0.245185607427	1.88318237102	0.743544601159
0.405	0.809195000736	0.245025570629	1.88340296886	0.743644773677
0.415	0.809226192371	0.245021944817	1.88355737576	0.743706449473
0.425	0.809231259456	0.245033144992	1.88361809023	0.743729786093
0.435	0.809205658137	0.24501528909	1.88361960683	0.74373211631
0.445	0.809190596881	0.244969139033	1.88362364441	0.74373757179
0.455	0.809178052607	0.244910781603	1.88366560168	0.74375913183
0.465	0.809166177654	0.244883208527	1.88375830766	0.743798542258
0.475	0.809146833637	0.244900113032	1.88384756438	0.743833137075
0.485	0.809114352806	0.244911057247	1.88384809142	0.743832870039
0.495	0.80894360358	0.244922719098	1.88376905409	0.743802379265
0.505	0.808959915261	0.24489448613	1.88371411916	0.743782447016
0.515	0.810874332888	0.244836516826	1.8838678148	0.743825566521
0.525	0.822937440724	0.244775601813	1.88438696361	0.743893510415
0.535	0.867061729518	0.244893841694	1.88552719031	0.743810818596
0.545	0.977582265633	0.244858064153	1.88895725033	0.743860618982
0.555	1.15199465658	0.244794034675	1.89402692449	0.743804316724
0.565	1.27176944197	0.244820745542	1.89767417152	0.743824409378
0.575	1.31158301708	0.244924369615	1.89921317466	0.743949435405
0.585	1.32255396776	0.244890295572	1.89955768903	0.74396003087
0.595	1.32498202796	0.244825688404	1.89938302698	0.743869427547
0.605	1.32530803204	0.244732215121	1.89909993468	0.743764411892
0.615	1.32515403859	0.244695726313	1.89890453715	0.743692830622
0.625	1.32511502899	0.244689608071	1.89900982491	0.743736206397
0.635	1.32516202748	0.244731927205	1.89921034921	0.743810364006
0.645	1.32514154773	0.244756834909	1.89906615471	0.743749700293
0.655	1.3249714747	0.244491264428	1.89842797899	0.743530898351
0.665	1.32348184531	0.243474990401	1.89496463436	0.742294634205
0.675	1.31799455929	0.239756333212	1.88279067255	0.737963786589
0.685	1.30032851626	0.227798795044	1.84406240804	0.724129558059
0.695	1.2490341188	0.192405914228	1.73398145037	0.684344722583
0.705	1.1372541096	0.110686532631	1.50628408286	0.599727017463
0.715	1.0416408594	0.0345717753781	1.32453920381	0.529566686098
0.725	1.01061741956	0.00886804654092	1.2686912987	0.507460624036
0.735	1.00258889207	0.00216515622304	1.2545371549	0.501813921952
0.745	1.00061604223	0.000515370912096	1.25107844953	0.500431326656
0.755	1.00014367489	0.000120204619217	1.25025145168	0.500100577781
0.765	1.00003280871	2.74496187852e-05	1.25005741633	0.500022966381
0.775	1.000007321	6.12518058564e-06	1.2500128118	0.500005124713
0.785	1.00000159322	1.33298273177e-06	1.25000278814	0.500001115254
0.795	1.00000033758	2.82439991782e-07	1.25000059077	0.500000236306
0.805	1.00000006955	5.81874751978e-08	1.25000012171	0.500000048683
0.815	1.00000001392	1.16429007902e-08	1.25000002435	0.500000009741
0.825	1.0000000027	2.26074168303e-09	1.25000000473	0.500000001891
0.835	1.00000000051	4.2570911904e-10	1.25000000089	0.500000000356
0.845	1.00000000009	7.77015206083e-11	1.25000000016	0.500000000065
0.855	1.00000000002	1.37415123992e-11	1.25000000003	0.500000000011
0.865	1	2.35397922554e-12	1.25	0.500000000002
0.875	1	3.90632738434e-13	1.25	0.5
0.885	1	6.26510906308e-14	1.25	0.5
0.895	1	9.64476077141e-15	1.25	0.5
0.905	1	1.39490341735e-15	1.25	0.5
0.915	1	1.19563150059e-16	1.25	0.5
0.925	1	0	1.25	0.5
0.935	1	0	1.25	0.5
0.945	1	0	1.25	0.5
0.955	1	0	1.25	0.5
0.965	1	0	1.25	0.5
0.975	1	0	1.25	0.5
0.985	1	0	1.25	0.5
0.995	1	0	1.25	0.5
1.005	1	0	1.25	0.5
1.015	1	0	1.25	0.5
